"filename", "language", "C#", "TypeScript JSX", "CSS", "XML", "TypeScript", "comment", "blank", "total"
"/Users/mphelps/climb_w_friends_v2/ClimbWithFriendsAPI/ClimbWithFriendsAPI/Controllers/AttemptsController.cs", "C#", 132, 0, 0, 0, 0, 10, 41, 183
"/Users/mphelps/climb_w_friends_v2/ClimbWithFriendsAPI/ClimbWithFriendsAPI/Controllers/ClimbsController.cs", "C#", 129, 0, 0, 0, 0, 88, 62, 279
"/Users/mphelps/climb_w_friends_v2/ClimbWithFriendsAPI/ClimbWithFriendsAPI/Controllers/FeaturesController.cs", "C#", 503, 0, 0, 0, 0, 106, 126, 735
"/Users/mphelps/climb_w_friends_v2/ClimbWithFriendsAPI/ClimbWithFriendsAPI/Controllers/MapsController.cs", "C#", 157, 0, 0, 0, 0, 69, 61, 287
"/Users/mphelps/climb_w_friends_v2/ClimbWithFriendsAPI/ClimbWithFriendsAPI/Controllers/TagsController.cs", "C#", 135, 0, 0, 0, 0, 5, 31, 171
"/Users/mphelps/climb_w_friends_v2/ClimbWithFriendsAPI/ClimbWithFriendsAPI/Controllers/TicksController.cs", "C#", 114, 0, 0, 0, 0, 8, 22, 144
"/Users/mphelps/climb_w_friends_v2/ClimbWithFriendsAPI/ClimbWithFriendsAPI/Controllers/UserController.cs", "C#", 63, 0, 0, 0, 0, 6, 12, 81
"/Users/mphelps/climb_w_friends_v2/src/App.tsx", "TypeScript JSX", 0, -11, 0, 0, 0, 0, -2, -13
"/Users/mphelps/climb_w_friends_v2/src/assets/react.svg", "XML", 0, 0, 0, -1, 0, 0, 0, -1
"/Users/mphelps/climb_w_friends_v2/src/index.css", "CSS", 0, 0, -34, 0, 0, -4, -5, -43
"/Users/mphelps/climb_w_friends_v2/src/main.tsx", "TypeScript JSX", 0, -29, 0, 0, 0, -2, -3, -34
"/Users/mphelps/climb_w_friends_v2/src/pages/dashboard.tsx", "TypeScript JSX", 0, -26, 0, 0, 0, 0, -4, -30
"/Users/mphelps/climb_w_friends_v2/src/pages/dashboardComponents/dashboardObjects.tsx", "TypeScript JSX", 0, -377, 0, 0, 0, 0, -2, -379
"/Users/mphelps/climb_w_friends_v2/src/pages/dashboardComponents/maps.tsx", "TypeScript JSX", 0, -231, 0, 0, 0, -9, -25, -265
"/Users/mphelps/climb_w_friends_v2/src/pages/dashboardComponents/mapsComponents/addMapModal.tsx", "TypeScript JSX", 0, -113, 0, 0, 0, -1, -10, -124
"/Users/mphelps/climb_w_friends_v2/src/pages/dashboardComponents/mapsComponents/editModal.tsx", "TypeScript JSX", 0, -286, 0, 0, 0, 0, -20, -306
"/Users/mphelps/climb_w_friends_v2/src/pages/dashboardComponents/navBar.tsx", "TypeScript JSX", 0, -57, 0, 0, 0, 0, -6, -63
"/Users/mphelps/climb_w_friends_v2/src/pages/dashboardComponents/utilityFunctions.tsx", "TypeScript JSX", 0, -188, 0, 0, 0, -15, -25, -228
"/Users/mphelps/climb_w_friends_v2/src/pages/filterProvider.tsx", "TypeScript JSX", 0, -28, 0, 0, 0, 0, -7, -35
"/Users/mphelps/climb_w_friends_v2/src/pages/homeComponents/homeNavBar.tsx", "TypeScript JSX", 0, -40, 0, 0, 0, 0, -4, -44
"/Users/mphelps/climb_w_friends_v2/src/pages/login.tsx", "TypeScript JSX", 0, -97, 0, 0, 0, -22, -9, -128
"/Users/mphelps/climb_w_friends_v2/src/pages/map.tsx", "TypeScript JSX", 0, -307, 0, 0, 0, -12, -55, -374
"/Users/mphelps/climb_w_friends_v2/src/pages/mapComponents/activityFeed.tsx", "TypeScript JSX", 0, -62, 0, 0, 0, -1, -9, -72
"/Users/mphelps/climb_w_friends_v2/src/pages/mapComponents/attemptOverlay.tsx", "TypeScript JSX", 0, -187, 0, 0, 0, -3, -15, -205
"/Users/mphelps/climb_w_friends_v2/src/pages/mapComponents/chatOverlay.tsx", "TypeScript JSX", 0, -89, 0, 0, 0, -1, -9, -99
"/Users/mphelps/climb_w_friends_v2/src/pages/mapComponents/mapApiRequests.tsx", "TypeScript JSX", 0, -423, 0, 0, 0, -14, -45, -482
"/Users/mphelps/climb_w_friends_v2/src/pages/mapComponents/mapLayers.tsx", "TypeScript JSX", 0, -358, 0, 0, 0, -62, -42, -462
"/Users/mphelps/climb_w_friends_v2/src/pages/mapComponents/mapNavBar.tsx", "TypeScript JSX", 0, -95, 0, 0, 0, 0, -3, -98
"/Users/mphelps/climb_w_friends_v2/src/pages/mapComponents/mapObjects.tsx", "TypeScript JSX", 0, -248, 0, 0, 0, 0, -9, -257
"/Users/mphelps/climb_w_friends_v2/src/pages/mapComponents/modalComponents/addClimbModal.tsx", "TypeScript JSX", 0, -439, 0, 0, 0, -14, -49, -502
"/Users/mphelps/climb_w_friends_v2/src/pages/mapComponents/modalComponents/allClimbsModal.tsx", "TypeScript JSX", 0, -32, 0, 0, 0, 0, -3, -35
"/Users/mphelps/climb_w_friends_v2/src/pages/mapComponents/modalComponents/climbModal.tsx", "TypeScript JSX", 0, -321, 0, 0, 0, -9, -35, -365
"/Users/mphelps/climb_w_friends_v2/src/pages/mapComponents/modalComponents/filterModal.tsx", "TypeScript JSX", 0, -283, 0, 0, 0, -4, -25, -312
"/Users/mphelps/climb_w_friends_v2/src/pages/mapComponents/modalComponents/filterModalComponents.tsx/GradeDropDowns.tsx", "TypeScript JSX", 0, -70, 0, 0, 0, 0, -6, -76
"/Users/mphelps/climb_w_friends_v2/src/pages/mapComponents/modalComponents/modalSearch.tsx", "TypeScript JSX", 0, -83, 0, 0, 0, -1, -12, -96
"/Users/mphelps/climb_w_friends_v2/src/pages/mapComponents/modalComponents/modalTag.tsx", "TypeScript JSX", 0, -152, 0, 0, 0, -4, -15, -171
"/Users/mphelps/climb_w_friends_v2/src/pages/mapComponents/modalComponents/tagOverlay.tsx", "TypeScript JSX", 0, -16, 0, 0, 0, 0, -2, -18
"/Users/mphelps/climb_w_friends_v2/src/pages/mapComponents/popup.css", "CSS", 0, 0, -28, 0, 0, -3, -3, -34
"/Users/mphelps/climb_w_friends_v2/src/pages/mapComponents/search.tsx", "TypeScript JSX", 0, -167, 0, 0, 0, -5, -12, -184
"/Users/mphelps/climb_w_friends_v2/src/pages/mapComponents/tickAndAttempt.tsx", "TypeScript JSX", 0, -157, 0, 0, 0, -4, -9, -170
"/Users/mphelps/climb_w_friends_v2/src/pages/mapComponents/tickOverlay.tsx", "TypeScript JSX", 0, -186, 0, 0, 0, -2, -17, -205
"/Users/mphelps/climb_w_friends_v2/src/reusableComponents/chatInput.tsx", "TypeScript JSX", 0, -34, 0, 0, 0, 0, -4, -38
"/Users/mphelps/climb_w_friends_v2/src/reusableComponents/climbModalBar.tsx", "TypeScript JSX", 0, -327, 0, 0, 0, -6, -22, -355
"/Users/mphelps/climb_w_friends_v2/src/reusableComponents/downDrop.tsx", "TypeScript JSX", 0, -53, 0, 0, 0, 0, -2, -55
"/Users/mphelps/climb_w_friends_v2/src/reusableComponents/dropDown.tsx", "TypeScript JSX", 0, -93, 0, 0, 0, 0, -9, -102
"/Users/mphelps/climb_w_friends_v2/src/reusableComponents/genericButton.tsx", "TypeScript JSX", 0, -30, 0, 0, 0, 0, -1, -31
"/Users/mphelps/climb_w_friends_v2/src/reusableComponents/genericModal.tsx", "TypeScript JSX", 0, -48, 0, 0, 0, -2, -5, -55
"/Users/mphelps/climb_w_friends_v2/src/reusableComponents/input.tsx", "TypeScript JSX", 0, -47, 0, 0, 0, 0, -8, -55
"/Users/mphelps/climb_w_friends_v2/src/reusableComponents/loginButton.tsx", "TypeScript JSX", 0, -18, 0, 0, 0, 0, -4, -22
"/Users/mphelps/climb_w_friends_v2/src/reusableComponents/logoutButton.tsx", "TypeScript JSX", 0, -22, 0, 0, 0, 0, -4, -26
"/Users/mphelps/climb_w_friends_v2/src/reusableComponents/searchDropDown.tsx", "TypeScript JSX", 0, -50, 0, 0, 0, 0, -6, -56
"/Users/mphelps/climb_w_friends_v2/src/reusableComponents/styles.tsx", "TypeScript JSX", 0, -386, 0, 0, 0, 0, -25, -411
"/Users/mphelps/climb_w_friends_v2/src/reusableComponents/toastContainer.tsx", "TypeScript JSX", 0, -53, 0, 0, 0, 0, -8, -61
"/Users/mphelps/climb_w_friends_v2/src/reusableComponents/toastNotification.tsx", "TypeScript JSX", 0, -98, 0, 0, 0, -3, -9, -110
"/Users/mphelps/climb_w_friends_v2/src/reusableComponents/toolTip.tsx", "TypeScript JSX", 0, -65, 0, 0, 0, -2, -6, -73
"/Users/mphelps/climb_w_friends_v2/src/supaBaseClient.tsx", "TypeScript JSX", 0, -45, 0, 0, 0, -1, -12, -58
"/Users/mphelps/climb_w_friends_v2/src/types/Posts.ts", "TypeScript", 0, 0, 0, 0, -5, 0, -1, -6
"/Users/mphelps/climb_w_friends_v2/src/types/interfaces.tsx", "TypeScript JSX", 0, -121, 0, 0, 0, 0, -19, -140
"Total", "-", 1233, -6648, -62, -1, -5, 86, -287, -5684