"filename", "language", "CSS", "TypeScript JSX", "TypeScript", "XML", "comment", "blank", "total"
"/Users/mphelps/climb_w_friends_v2/src/App.css", "CSS", 37, 0, 0, 0, 0, 6, 43
"/Users/mphelps/climb_w_friends_v2/src/App.tsx", "TypeScript JSX", 0, 9, 0, 0, 32, 4, 45
"/Users/mphelps/climb_w_friends_v2/src/assets/react.svg", "XML", 0, 0, 0, 1, 0, 0, 1
"/Users/mphelps/climb_w_friends_v2/src/index.css", "CSS", 64, 0, 0, 0, 0, 9, 73
"/Users/mphelps/climb_w_friends_v2/src/main.tsx", "TypeScript JSX", 0, 21, 0, 0, 1, 3, 25
"/Users/mphelps/climb_w_friends_v2/src/pages/home.tsx", "TypeScript JSX", 0, 11, 0, 0, 0, 1, 12
"/Users/mphelps/climb_w_friends_v2/src/pages/homeComponents/homeObjects.tsx", "TypeScript JSX", 0, 377, 0, 0, 0, 2, 379
"/Users/mphelps/climb_w_friends_v2/src/pages/homeComponents/maps.tsx", "TypeScript JSX", 0, 109, 0, 0, 0, 10, 119
"/Users/mphelps/climb_w_friends_v2/src/pages/homeComponents/mapsComponents/addMapModal.tsx", "TypeScript JSX", 0, 76, 0, 0, 1, 5, 82
"/Users/mphelps/climb_w_friends_v2/src/pages/homeComponents/mapsComponents/editModal.tsx", "TypeScript JSX", 0, 222, 0, 0, 0, 15, 237
"/Users/mphelps/climb_w_friends_v2/src/pages/homeComponents/navBar.tsx", "TypeScript JSX", 0, 30, 0, 0, 0, 4, 34
"/Users/mphelps/climb_w_friends_v2/src/pages/login.tsx", "TypeScript JSX", 0, 81, 0, 0, 10, 13, 104
"/Users/mphelps/climb_w_friends_v2/src/pages/map.tsx", "TypeScript JSX", 0, 191, 0, 0, 6, 37, 234
"/Users/mphelps/climb_w_friends_v2/src/pages/mapComponents/activityFeed.tsx", "TypeScript JSX", 0, 62, 0, 0, 1, 9, 72
"/Users/mphelps/climb_w_friends_v2/src/pages/mapComponents/climbModal.tsx", "TypeScript JSX", 0, 147, 0, 0, 1, 11, 159
"/Users/mphelps/climb_w_friends_v2/src/pages/mapComponents/mapLayers.tsx", "TypeScript JSX", 0, 297, 0, 0, 45, 28, 370
"/Users/mphelps/climb_w_friends_v2/src/pages/mapComponents/mapNavBar.tsx", "TypeScript JSX", 0, 83, 0, 0, 0, 3, 86
"/Users/mphelps/climb_w_friends_v2/src/pages/mapComponents/mapObjects.tsx", "TypeScript JSX", 0, 444, 0, 0, 0, 11, 455
"/Users/mphelps/climb_w_friends_v2/src/pages/mapComponents/modalComponents/filterModal.tsx", "TypeScript JSX", 0, 242, 0, 0, 3, 24, 269
"/Users/mphelps/climb_w_friends_v2/src/pages/mapComponents/modalComponents/filterModalComponents.tsx/GradeDropDowns.tsx", "TypeScript JSX", 0, 68, 0, 0, 0, 6, 74
"/Users/mphelps/climb_w_friends_v2/src/pages/mapComponents/modalComponents/modalChat.tsx", "TypeScript JSX", 0, 97, 0, 0, 1, 9, 107
"/Users/mphelps/climb_w_friends_v2/src/pages/mapComponents/modalComponents/modalSearch.tsx", "TypeScript JSX", 0, 82, 0, 0, 1, 12, 95
"/Users/mphelps/climb_w_friends_v2/src/pages/mapComponents/modalComponents/modalTag.tsx", "TypeScript JSX", 0, 79, 0, 0, 2, 10, 91
"/Users/mphelps/climb_w_friends_v2/src/pages/mapComponents/search.tsx", "TypeScript JSX", 0, 138, 0, 0, 0, 15, 153
"/Users/mphelps/climb_w_friends_v2/src/reusableComponents/chatInput.tsx", "TypeScript JSX", 0, 34, 0, 0, 0, 4, 38
"/Users/mphelps/climb_w_friends_v2/src/reusableComponents/downDrop.tsx", "TypeScript JSX", 0, 51, 0, 0, 0, 2, 53
"/Users/mphelps/climb_w_friends_v2/src/reusableComponents/dropDown.tsx", "TypeScript JSX", 0, 89, 0, 0, 0, 9, 98
"/Users/mphelps/climb_w_friends_v2/src/reusableComponents/input.tsx", "TypeScript JSX", 0, 38, 0, 0, 0, 8, 46
"/Users/mphelps/climb_w_friends_v2/src/reusableComponents/purpleButton.tsx", "TypeScript JSX", 0, 18, 0, 0, 0, 1, 19
"/Users/mphelps/climb_w_friends_v2/src/reusableComponents/searchDropDown.tsx", "TypeScript JSX", 0, 44, 0, 0, 0, 6, 50
"/Users/mphelps/climb_w_friends_v2/src/reusableComponents/styles.tsx", "TypeScript JSX", 0, 316, 0, 0, 0, 21, 337
"/Users/mphelps/climb_w_friends_v2/src/reusableComponents/toolTip.tsx", "TypeScript JSX", 0, 65, 0, 0, 2, 6, 73
"/Users/mphelps/climb_w_friends_v2/src/reusableComponents/zincModal.tsx", "TypeScript JSX", 0, 42, 0, 0, 2, 5, 49
"/Users/mphelps/climb_w_friends_v2/src/supaBaseClient.tsx", "TypeScript JSX", 0, 45, 0, 0, 1, 12, 58
"/Users/mphelps/climb_w_friends_v2/src/types/Posts.ts", "TypeScript", 0, 0, 5, 0, 0, 1, 6
"/Users/mphelps/climb_w_friends_v2/src/types/interfaces.tsx", "TypeScript JSX", 0, 51, 0, 0, 0, 6, 57
"Total", "-", 101, 3659, 5, 1, 109, 328, 4203