"filename", "language", "C#", "comment", "blank", "total"
"/Users/mphelps/climb_w_friends_v2/ClimbWithFriendsAPI/ClimbWithFriendsAPI/Controllers/AttemptsController.cs", "C#", 132, 10, 41, 183
"/Users/mphelps/climb_w_friends_v2/ClimbWithFriendsAPI/ClimbWithFriendsAPI/Controllers/ClimbChatController.cs", "C#", 88, 40, 22, 150
"/Users/mphelps/climb_w_friends_v2/ClimbWithFriendsAPI/ClimbWithFriendsAPI/Controllers/ClimbsController.cs", "C#", 142, 88, 66, 296
"/Users/mphelps/climb_w_friends_v2/ClimbWithFriendsAPI/ClimbWithFriendsAPI/Controllers/FeaturesController.cs", "C#", 718, 129, 175, 1022
"/Users/mphelps/climb_w_friends_v2/ClimbWithFriendsAPI/ClimbWithFriendsAPI/Controllers/FilterController.cs", "C#", 184, 33, 58, 275
"/Users/mphelps/climb_w_friends_v2/ClimbWithFriendsAPI/ClimbWithFriendsAPI/Controllers/MapsController.cs", "C#", 183, 64, 62, 309
"/Users/mphelps/climb_w_friends_v2/ClimbWithFriendsAPI/ClimbWithFriendsAPI/Controllers/TagsController.cs", "C#", 135, 5, 31, 171
"/Users/mphelps/climb_w_friends_v2/ClimbWithFriendsAPI/ClimbWithFriendsAPI/Controllers/TicksController.cs", "C#", 114, 8, 22, 144
"/Users/mphelps/climb_w_friends_v2/ClimbWithFriendsAPI/ClimbWithFriendsAPI/Controllers/UserController.cs", "C#", 107, 9, 21, 137
"/Users/mphelps/climb_w_friends_v2/ClimbWithFriendsAPI/ClimbWithFriendsAPI/Data/AppDbContext.cs", "C#", -51, -5, -12, -68
"/Users/mphelps/climb_w_friends_v2/ClimbWithFriendsAPI/ClimbWithFriendsAPI/Data/Attempt.cs", "C#", -22, 0, -3, -25
"/Users/mphelps/climb_w_friends_v2/ClimbWithFriendsAPI/ClimbWithFriendsAPI/Data/Climb.cs", "C#", -72, 0, -6, -78
"/Users/mphelps/climb_w_friends_v2/ClimbWithFriendsAPI/ClimbWithFriendsAPI/Data/ClimbChat.cs", "C#", -28, 0, -5, -33
"/Users/mphelps/climb_w_friends_v2/ClimbWithFriendsAPI/ClimbWithFriendsAPI/Data/ClimbToTag.cs", "C#", -12, -1, -4, -17
"/Users/mphelps/climb_w_friends_v2/ClimbWithFriendsAPI/ClimbWithFriendsAPI/Data/Configurations/AttemptConfiguration.cs", "C#", -35, -1, -7, -43
"/Users/mphelps/climb_w_friends_v2/ClimbWithFriendsAPI/ClimbWithFriendsAPI/Data/Configurations/ClimbChatConfiguration.cs", "C#", -34, -1, -9, -44
"/Users/mphelps/climb_w_friends_v2/ClimbWithFriendsAPI/ClimbWithFriendsAPI/Data/Configurations/ClimbConfiguration.cs", "C#", -61, -4, -9, -74
"/Users/mphelps/climb_w_friends_v2/ClimbWithFriendsAPI/ClimbWithFriendsAPI/Data/Configurations/ClimbToTagConfiguration.cs", "C#", -33, -6, -7, -46
"/Users/mphelps/climb_w_friends_v2/ClimbWithFriendsAPI/ClimbWithFriendsAPI/Data/Configurations/FeatureConfiguration.cs", "C#", -26, -3, -9, -38
"/Users/mphelps/climb_w_friends_v2/ClimbWithFriendsAPI/ClimbWithFriendsAPI/Data/Configurations/GradeRangeFilterConfigurations.cs", "C#", -24, 0, -12, -36
"/Users/mphelps/climb_w_friends_v2/ClimbWithFriendsAPI/ClimbWithFriendsAPI/Data/Configurations/MapConfiguration.cs", "C#", -57, -1, -7, -65
"/Users/mphelps/climb_w_friends_v2/ClimbWithFriendsAPI/ClimbWithFriendsAPI/Data/Configurations/MapToFeatureToClimbConfiguration.cs", "C#", -29, -2, -5, -36
"/Users/mphelps/climb_w_friends_v2/ClimbWithFriendsAPI/ClimbWithFriendsAPI/Data/Configurations/MapToTagConfiguration.cs", "C#", -33, -2, -7, -42
"/Users/mphelps/climb_w_friends_v2/ClimbWithFriendsAPI/ClimbWithFriendsAPI/Data/Configurations/MapToUserConfiguration.cs", "C#", -27, -16, -9, -52
"/Users/mphelps/climb_w_friends_v2/ClimbWithFriendsAPI/ClimbWithFriendsAPI/Data/Configurations/MapToUserToClimbConfiguration.cs", "C#", -28, -1, -7, -36
"/Users/mphelps/climb_w_friends_v2/ClimbWithFriendsAPI/ClimbWithFriendsAPI/Data/Configurations/TagConfiguration.cs", "C#", -57, -1, -11, -69
"/Users/mphelps/climb_w_friends_v2/ClimbWithFriendsAPI/ClimbWithFriendsAPI/Data/Configurations/TagFilterConfigurations.cs", "C#", -23, 0, -10, -33
"/Users/mphelps/climb_w_friends_v2/ClimbWithFriendsAPI/ClimbWithFriendsAPI/Data/Configurations/TickConfiguration.cs", "C#", -34, -1, -9, -44
"/Users/mphelps/climb_w_friends_v2/ClimbWithFriendsAPI/ClimbWithFriendsAPI/Data/Configurations/UserFilterConfigurations.cs", "C#", -27, 0, -10, -37
"/Users/mphelps/climb_w_friends_v2/ClimbWithFriendsAPI/ClimbWithFriendsAPI/Data/Feature.cs", "C#", -75, -1, -19, -95
"/Users/mphelps/climb_w_friends_v2/ClimbWithFriendsAPI/ClimbWithFriendsAPI/Data/GradeRangeFilter.cs", "C#", -16, 0, -4, -20
"/Users/mphelps/climb_w_friends_v2/ClimbWithFriendsAPI/ClimbWithFriendsAPI/Data/Map.cs", "C#", -16, 0, -2, -18
"/Users/mphelps/climb_w_friends_v2/ClimbWithFriendsAPI/ClimbWithFriendsAPI/Data/MapToFeatureToClimb.cs", "C#", -12, -1, -4, -17
"/Users/mphelps/climb_w_friends_v2/ClimbWithFriendsAPI/ClimbWithFriendsAPI/Data/MapToTag.cs", "C#", -12, -1, -4, -17
"/Users/mphelps/climb_w_friends_v2/ClimbWithFriendsAPI/ClimbWithFriendsAPI/Data/MapToUser.cs", "C#", -11, -1, -3, -15
"/Users/mphelps/climb_w_friends_v2/ClimbWithFriendsAPI/ClimbWithFriendsAPI/Data/MapToUserToClimb.cs", "C#", -17, -1, -6, -24
"/Users/mphelps/climb_w_friends_v2/ClimbWithFriendsAPI/ClimbWithFriendsAPI/Data/Tag.cs", "C#", -18, -1, -9, -28
"/Users/mphelps/climb_w_friends_v2/ClimbWithFriendsAPI/ClimbWithFriendsAPI/Data/TagFilter.cs", "C#", -15, 0, -4, -19
"/Users/mphelps/climb_w_friends_v2/ClimbWithFriendsAPI/ClimbWithFriendsAPI/Data/Ticks.cs", "C#", -22, 0, -4, -26
"/Users/mphelps/climb_w_friends_v2/ClimbWithFriendsAPI/ClimbWithFriendsAPI/Data/User.cs", "C#", -24, 0, -10, -34
"/Users/mphelps/climb_w_friends_v2/ClimbWithFriendsAPI/ClimbWithFriendsAPI/Data/UserFilter.cs", "C#", -17, 0, -4, -21
"Total", "-", 835, 335, 267, 1437