"filename", "language", "TypeScript JSX", "comment", "blank", "total"
"/Users/mphelps/climb_w_friends_v2/src/pages/map.tsx", "TypeScript JSX", 16, 0, 4, 20
"/Users/mphelps/climb_w_friends_v2/src/pages/mapComponents/climbModal.tsx", "TypeScript JSX", 7, 0, 0, 7
"/Users/mphelps/climb_w_friends_v2/src/pages/mapComponents/mapNavBar.tsx", "TypeScript JSX", 10, 0, 0, 10
"/Users/mphelps/climb_w_friends_v2/src/pages/mapComponents/mapObjects.tsx", "TypeScript JSX", -2820, 0, 0, -2820
"/Users/mphelps/climb_w_friends_v2/src/pages/mapComponents/modalComponents/filterModal.tsx", "TypeScript JSX", 123, 2, 14, 139
"/Users/mphelps/climb_w_friends_v2/src/pages/mapComponents/modalComponents/modalChat.tsx", "TypeScript JSX", 3, 1, 1, 5
"/Users/mphelps/climb_w_friends_v2/src/pages/mapComponents/modalComponents/modalSearch.tsx", "TypeScript JSX", 1, 0, 0, 1
"/Users/mphelps/climb_w_friends_v2/src/reusableComponents/styles.tsx", "TypeScript JSX", 6, 0, 2, 8
"/Users/mphelps/climb_w_friends_v2/src/reusableComponents/toolTip.tsx", "TypeScript JSX", 3, 0, 0, 3
"/Users/mphelps/climb_w_friends_v2/src/types/interfaces.tsx", "TypeScript JSX", 3, 0, 0, 3
"Total", "-", -2648, 3, 21, -2624