"filename", "language", "TypeScript JSX", "comment", "blank", "total"
"/Users/mphelps/climb_w_friends_v2/src/pages/dashboardComponents/maps.tsx", "TypeScript JSX", 1, 0, 2, 3
"/Users/mphelps/climb_w_friends_v2/src/pages/dashboardComponents/utilityFunctions.tsx", "TypeScript JSX", 20, 1, 5, 26
"/Users/mphelps/climb_w_friends_v2/src/pages/map.tsx", "TypeScript JSX", 14, 0, 9, 23
"/Users/mphelps/climb_w_friends_v2/src/pages/mapComponents/attemptOverlay.tsx", "TypeScript JSX", 108, 0, 11, 119
"/Users/mphelps/climb_w_friends_v2/src/pages/mapComponents/chatOverlay.tsx", "TypeScript JSX", 1, 0, 0, 1
"/Users/mphelps/climb_w_friends_v2/src/pages/mapComponents/mapLayers.tsx", "TypeScript JSX", 12, -2, 0, 10
"/Users/mphelps/climb_w_friends_v2/src/pages/mapComponents/mapObjects.tsx", "TypeScript JSX", -214, 0, -2, -216
"/Users/mphelps/climb_w_friends_v2/src/pages/mapComponents/modalComponents/addClimbModal.tsx", "TypeScript JSX", 15, 1, 14, 30
"/Users/mphelps/climb_w_friends_v2/src/pages/mapComponents/modalComponents/allClimbsModal.tsx", "TypeScript JSX", 1, 0, -1, 0
"/Users/mphelps/climb_w_friends_v2/src/pages/mapComponents/modalComponents/climbModal.tsx", "TypeScript JSX", 12, 0, 5, 17
"/Users/mphelps/climb_w_friends_v2/src/pages/mapComponents/tickClimbsComponent.tsx", "TypeScript JSX", 6, 0, 7, 13
"/Users/mphelps/climb_w_friends_v2/src/reusableComponents/climbModalBar.tsx", "TypeScript JSX", 18, 3, 1, 22
"/Users/mphelps/climb_w_friends_v2/src/types/interfaces.tsx", "TypeScript JSX", 2, 0, 0, 2
"Total", "-", -4, 3, 51, 50